2000 1000000000
1 476
2 650
3 1257
4 1824
5 2311
6 2740
7 2856
8 3024
9 3453
10 3768
11 5865
12 6233
13 6865
14 7591
15 8254
16 8542
17 9818
18 9904
19 10190
20 10695
21 12089
22 12912
23 13317
24 14389
25 14645
26 14886
27 15525
28 15633
29 16144
30 16598
31 18131
32 20375
33 20473
34 20531
35 21420
36 21804
37 22107
38 22445
39 23056
40 24864
41 25662
42 26041
43 26276
44 26291
45 26976
46 27083
47 27172
48 27875
49 28327
50 28469
51 28992
52 30145
53 30322
54 30404
55 30485
56 31295
57 32588
58 32989
59 33377
60 33710
61 34276
62 34356
63 35036
64 37693
65 37829
66 38530
67 38868
68 39070
69 40166
70 40656
71 41388
72 41723
73 41848
74 41883
75 42236
76 42264
77 43115
78 43911
79 45612
80 45818
81 46279
82 46593
83 47600
84 47777
85 48101
86 48276
87 48509
88 49456
89 51477
90 52629
91 52708
92 52778
93 53086
94 53096
95 53317
96 53923
97 54169
98 54666
99 54995
100 56264
101 56853
102 56888
103 57225
104 58706
105 58896
106 59693
107 59993
108 60789
109 61375
110 61534
111 61784
112 62586
113 63207
114 63542
115 63607
116 63969
117 65341
118 66338
119 66664
120 66696
121 67187
122 67399
123 68568
124 69454
125 70725
126 71313
127 71795
128 71900
129 71993
130 72002
131 72183
132 72357
133 72625
134 72843
135 72984
136 73252
137 73423
138 74350
139 74492
140 74688
141 74921
142 74929
143 76117
144 76416
145 76870
146 77500
147 77731
148 78514
149 78762
150 78949
151 79008
152 79097
153 79739
154 81298
155 82633
156 82678
157 82855
158 83718
159 84053
160 84267
161 84400
162 84542
163 85182
164 85935
165 86016
166 88076
167 88965
168 89369
169 89822
170 89865
171 90923
172 91212
173 92388
174 94562
175 94740
176 94820
177 95376
178 95725
179 95814
180 96177
181 96832
182 97302
183 97624
184 97787
185 97844
186 97974
187 98297
188 98958
189 101465
190 101690
191 101934
192 101964
193 102715
194 103249
195 103276
196 103882
197 104104
198 104231
199 104606
200 104888
201 105290
202 105440
203 105460
204 105958
205 106902
206 107226
207 107524
208 107621
209 107837
210 108669
211 109731
212 110716
213 111630
214 111815
215 111885
216 112286
217 113397
218 113400
219 113660
220 113719
221 114402
222 114627
223 115026
224 115317
225 116790
226 117021
227 117352
228 117359
229 119023
230 119220
231 119680
232 119997
233 120147
234 120167
235 120402
236 120815
237 120995
238 121086
239 121314
240 121603
241 121812
242 122394
243 123223
244 124256
245 125413
246 125761
247 126567
248 126933
249 126986
250 127304
251 127375
252 128144
253 129643
254 130445
255 130730
256 130940
257 131920
258 132091
259 132403
260 132429
261 132464
262 132782
263 132966
264 133521
265 133687
266 133878
267 134679
268 136357
269 137225
270 137286
271 137428
272 137846
273 138256
274 138630
275 138790
276 138941
277 139867
278 140865
279 142305
280 142342
281 143190
282 143474
283 145102
284 145146
285 146367
286 146464
287 146617
288 147042
289 147645
290 149196
291 149862
292 150120
293 151208
294 151719
295 151767
296 152691
297 154562
298 154772
299 154790
300 155338
301 155864
302 156277
303 156345
304 156496
305 158208
306 159148
307 159544
308 159835
309 160278
310 160314
311 160316
312 160473
313 161501
314 161910
315 162080
316 162111
317 162367
318 163049
319 163083
320 164187
321 164737
322 165131
323 165460
324 165700
325 165891
326 166122
327 166940
328 166982
329 167465
330 167804
331 168688
332 169447
333 169481
334 170446
335 170606
336 171390
337 171771
338 172588
339 172685
340 173112
341 173199
342 174033
343 174440
344 174497
345 175990
346 177985
347 178291
348 179502
349 182307
350 182531
351 182761
352 183024
353 183624
354 183751
355 184222
356 184481
357 184743
358 185703
359 187292
360 187381
361 188124
362 188209
363 188854
364 190356
365 190607
366 190723
367 192452
368 193370
369 194194
370 194902
371 196745
372 197867
373 199079
374 199173
375 199363
376 199418
377 199499
378 199710
379 199920
380 200388
381 200896
382 200947
383 201209
384 201680
385 201990
386 202562
387 203598
388 203931
389 206657
390 207479
391 208014
392 208547
393 208624
394 208853
395 208945
396 209095
397 209318
398 210599
399 210973
400 213497
401 213538
402 214232
403 215224
404 216932
405 217271
406 217932
407 219735
408 220332
409 220443
410 220912
411 221282
412 221326
413 221992
414 222137
415 222460
416 222474
417 223006
418 223559
419 224133
420 224181
421 224396
422 224694
423 225823
424 226492
425 226946
426 227874
427 228326
428 228603
429 229309
430 229522
431 229693
432 230025
433 230131
434 230334
435 230965
436 231199
437 231302
438 232171
439 232362
440 232411
441 233289
442 233803
443 234104
444 235164
445 235603
446 235663
447 235666
448 235780
449 236625
450 236701
451 238584
452 238587
453 238702
454 239019
455 240095
456 240113
457 240225
458 241343
459 241347
460 241787
461 242546
462 242771
463 243518
464 244013
465 244149
466 244367
467 244813
468 244958
469 245231
470 245935
471 246225
472 246256
473 246328
474 246680
475 247633
476 247912
477 248288
478 248779
479 249540
480 249616
481 250183
482 250331
483 250456
484 250918
485 250972
486 251134
487 251567
488 252048
489 252579
490 252623
491 253131
492 254697
493 254852
494 255174
495 255451
496 255621
497 255760
498 255887
499 256110
500 256201
501 256753
502 256787
503 256838
504 257471
505 258226
506 258658
507 259300
508 259346
509 259998
510 260273
511 260298
512 260786
513 261354
514 261701
515 261992
516 262297
517 262580
518 262852
519 262880
520 263370
521 263666
522 263677
523 264576
524 264710
525 264793
526 266365
527 267146
528 267780
529 268741
530 269503
531 270953
532 271833
533 272844
534 273483
535 273954
536 274731
537 274947
538 275555
539 276234
540 276858
541 277355
542 277363
543 277421
544 277456
545 277552
546 277797
547 277947
548 277983
549 278133
550 278136
551 278309
552 278412
553 278568
554 278586
555 279817
556 279837
557 279997
558 280079
559 280201
560 280797
561 281484
562 282653
563 283111
564 283252
565 284127
566 284964
567 285521
568 285628
569 285816
570 286244
571 286757
572 287687
573 287864
574 287987
575 288440
576 289333
577 289717
578 289739
579 289981
580 290171
581 290794
582 290833
583 291420
584 291527
585 291719
586 291755
587 291824
588 292055
589 292126
590 292187
591 292528
592 292734
593 293294
594 293379
595 295493
596 296502
597 296629
598 296796
599 297622
600 298202
601 298881
602 299156
603 299658
604 300147
605 300901
606 301389
607 301654
608 302071
609 302150
610 302269
611 302681
612 303496
613 305458
614 306090
615 306378
616 307470
617 307669
618 307808
619 308579
620 309496
621 309529
622 309622
623 310067
624 310295
625 310687
626 311171
627 311848
628 312993
629 313109
630 313169
631 313736
632 313972
633 314063
634 314620
635 314961
636 315619
637 316283
638 316848
639 316920
640 317001
641 317263
642 318645
643 318686
644 318913
645 319200
646 320066
647 320265
648 321131
649 321568
650 322502
651 322605
652 323283
653 323990
654 324359
655 325549
656 325896
657 326198
658 326909
659 327161
660 328889
661 328965
662 329215
663 329496
664 329846
665 330014
666 330827
667 330927
668 331586
669 331788
670 332094
671 332762
672 333683
673 335290
674 336704
675 337459
676 337953
677 338011
678 338029
679 339028
680 339549
681 339953
682 340086
683 340182
684 340853
685 342078
686 342640
687 342773
688 343305
689 343990
690 344258
691 344570
692 344576
693 345875
694 346290
695 346530
696 346910
697 347005
698 347286
699 348172
700 348372
701 348639
702 349550
703 349760
704 349810
705 351521
706 352212
707 352508
708 352788
709 352995
710 353945
711 354559
712 355058
713 355219
714 355835
715 356436
716 356750
717 356829
718 356922
719 357307
720 357857
721 359587
722 360506
723 360714
724 361939
725 362402
726 362530
727 364120
728 364914
729 366013
730 366694
731 367011
732 368254
733 368896
734 368951
735 369486
736 370909
737 371558
738 372111
739 372579
740 375241
741 375695
742 375927
743 376147
744 376446
745 376468
746 378462
747 379252
748 379404
749 379631
750 379676
751 379832
752 380354
753 380663
754 381964
755 382415
756 382605
757 382635
758 383593
759 383680
760 385229
761 386541
762 386865
763 386996
764 387202
765 387528
766 388213
767 388579
768 388622
769 389084
770 389569
771 391610
772 392128
773 393100
774 393588
775 395584
776 396973
777 397433
778 397450
779 397570
780 397593
781 397613
782 397938
783 398433
784 398519
785 398642
786 398906
787 398909
788 399585
789 399800
790 399940
791 400207
792 401175
793 401177
794 401625
795 401692
796 402270
797 402681
798 403431
799 403508
800 403957
801 404883
802 407575
803 407797
804 408447
805 408981
806 409437
807 413211
808 413792
809 414901
810 415062
811 415083
812 415973
813 416767
814 416842
815 417530
816 417872
817 418424
818 418852
819 419117
820 419144
821 419955
822 420223
823 420572
824 420702
825 421998
826 422111
827 422230
828 423440
829 423859
830 424007
831 424096
832 425851
833 426168
834 426207
835 426221
836 426884
837 427449
838 427860
839 427991
840 428180
841 428235
842 428282
843 428412
844 429944
845 430779
846 431122
847 431692
848 431763
849 432118
850 432373
851 433372
852 434623
853 435071
854 435088
855 435149
856 435724
857 435737
858 436021
859 436441
860 439426
861 439537
862 439640
863 439949
864 440514
865 440603
866 440920
867 441460
868 442093
869 442425
870 442468
871 442717
872 443194
873 443606
874 443743
875 444202
876 444205
877 444971
878 445841
879 445849
880 446224
881 447521
882 448513
883 449237
884 449296
885 449484
886 449711
887 450715
888 450821
889 451658
890 452040
891 452299
892 453065
893 454633
894 455103
895 455724
896 455935
897 456692
898 456783
899 457058
900 457109
901 457290
902 457643
903 459074
904 459432
905 459449
906 459520
907 460536
908 461290
909 461745
910 461916
911 462287
912 463238
913 463297
914 463349
915 463564
916 463689
917 463762
918 464122
919 464277
920 464707
921 464971
922 465281
923 466348
924 467625
925 468289
926 469996
927 470101
928 470456
929 471080
930 471983
931 472438
932 472449
933 472751
934 473468
935 474013
936 475486
937 475730
938 475814
939 475837
940 476137
941 476837
942 476856
943 476928
944 476970
945 477161
946 477514
947 477589
948 478685
949 479026
950 479078
951 479174
952 479485
953 480598
954 481192
955 481792
956 481945
957 482122
958 482713
959 483601
960 483914
961 484176
962 484468
963 484765
964 485151
965 486870
966 487166
967 487264
968 487333
969 487506
970 487626
971 487674
972 487904
973 488608
974 489761
975 490145
976 490836
977 491132
978 491516
979 492249
980 492347
981 492789
982 492892
983 493203
984 493406
985 493605
986 494430
987 495209
988 495682
989 495999
990 496002
991 496222
992 496300
993 496615
994 497783
995 498267
996 498420
997 499270
998 499431
999 499999
1000 500200
1001 500986
1002 502019
1003 504791
1004 505305
1005 505988
1006 506731
1007 507034
1008 507770
1009 507919
1010 508187
1011 508308
1012 509044
1013 509282
1014 509283
1015 509648
1016 510362
1017 511284
1018 511701
1019 511996
1020 512313
1021 512362
1022 512391
1023 513168
1024 513476
1025 514064
1026 514714
1027 514774
1028 515662
1029 515684
1030 516605
1031 517539
1032 517832
1033 518368
1034 518443
1035 519440
1036 519587
1037 520907
1038 521892
1039 522635
1040 522758
1041 523532
1042 524834
1043 524953
1044 526220
1045 526741
1046 527327
1047 528364
1048 529349
1049 529954
1050 530010
1051 530509
1052 530589
1053 531807
1054 532374
1055 532393
1056 532452
1057 532547
1058 532980
1059 533641
1060 534201
1061 534328
1062 536055
1063 536316
1064 538220
1065 539182
1066 539644
1067 540541
1068 541773
1069 542768
1070 543169
1071 543674
1072 544224
1073 545226
1074 546673
1075 547142
1076 548008
1077 548228
1078 550172
1079 551550
1080 551691
1081 553357
1082 554685
1083 554867
1084 556167
1085 556690
1086 556762
1087 556977
1088 556983
1089 557019
1090 558633
1091 558674
1092 559594
1093 560120
1094 560132
1095 560137
1096 561945
1097 562313
1098 562326
1099 562387
1100 562687
1101 563105
1102 563709
1103 563801
1104 564366
1105 564416
1106 564658
1107 564793
1108 565209
1109 565478
1110 565543
1111 565630
1112 565661
1113 565672
1114 566262
1115 566441
1116 566483
1117 566507
1118 566898
1119 567347
1120 568583
1121 569001
1122 569020
1123 569656
1124 569878
1125 570964
1126 571066
1127 571463
1128 571909
1129 572143
1130 572712
1131 573200
1132 574536
1133 574604
1134 575949
1135 576561
1136 576869
1137 577108
1138 577175
1139 577647
1140 578094
1141 578529
1142 578778
1143 578856
1144 578907
1145 579128
1146 579415
1147 580148
1148 580150
1149 580289
1150 580409
1151 580879
1152 581179
1153 581394
1154 581593
1155 582195
1156 582816
1157 582840
1158 584055
1159 584435
1160 584533
1161 585232
1162 586126
1163 587131
1164 588204
1165 588559
1166 588688
1167 588729
1168 590231
1169 590392
1170 591415
1171 591858
1172 592053
1173 592734
1174 593469
1175 593470
1176 593474
1177 594782
1178 594967
1179 596302
1180 596801
1181 596907
1182 597398
1183 597581
1184 598833
1185 599624
1186 599755
1187 602000
1188 602784
1189 603190
1190 603685
1191 603706
1192 603817
1193 604252
1194 604289
1195 604647
1196 605101
1197 605448
1198 606845
1199 607091
1200 607365
1201 607778
1202 608144
1203 608209
1204 608843
1205 609856
1206 610856
1207 611535
1208 611929
1209 612075
1210 612502
1211 612605
1212 613006
1213 613033
1214 613813
1215 614918
1216 615499
1217 615694
1218 615921
1219 616164
1220 616937
1221 617075
1222 617164
1223 617508
1224 617940
1225 618277
1226 618490
1227 618900
1228 619227
1229 620695
1230 620910
1231 621305
1232 622554
1233 622707
1234 623449
1235 623990
1236 623999
1237 624428
1238 624885
1239 624983
1240 625135
1241 625164
1242 625431
1243 625601
1244 625831
1245 626203
1246 627137
1247 628089
1248 628543
1249 629628
1250 631313
1251 632607
1252 633090
1253 633103
1254 634261
1255 635375
1256 635707
1257 635821
1258 635914
1259 636110
1260 636181
1261 636604
1262 636796
1263 638499
1264 638602
1265 638771
1266 639149
1267 639295
1268 639768
1269 640030
1270 641018
1271 641441
1272 642463
1273 645465
1274 645609
1275 645881
1276 647504
1277 648509
1278 648615
1279 649393
1280 649519
1281 649692
1282 649864
1283 650861
1284 651102
1285 651245
1286 651383
1287 651568
1288 652534
1289 652929
1290 653476
1291 653585
1292 655471
1293 655725
1294 655839
1295 655951
1296 657244
1297 657297
1298 657762
1299 657975
1300 657988
1301 658816
1302 659227
1303 660072
1304 660407
1305 660677
1306 661810
1307 661871
1308 663737
1309 664583
1310 665097
1311 665146
1312 665671
1313 665873
1314 666320
1315 666510
1316 666614
1317 667593
1318 668112
1319 668687
1320 668905
1321 668942
1322 669618
1323 670026
1324 670038
1325 670538
1326 670607
1327 671139
1328 672148
1329 672693
1330 672926
1331 674022
1332 674130
1333 676200
1334 676907
1335 677329
1336 677619
1337 677788
1338 679049
1339 679145
1340 679163
1341 679223
1342 679565
1343 680827
1344 681454
1345 681497
1346 681504
1347 681776
1348 682105
1349 683208
1350 683465
1351 683742
1352 683874
1353 685248
1354 685794
1355 686559
1356 686638
1357 686786
1358 687328
1359 687977
1360 689356
1361 689657
1362 690254
1363 690906
1364 691044
1365 691252
1366 691849
1367 692049
1368 692145
1369 692560
1370 693220
1371 693351
1372 693435
1373 693706
1374 694073
1375 694820
1376 695014
1377 695256
1378 695663
1379 695664
1380 695979
1381 696152
1382 696263
1383 696554
1384 697280
1385 699284
1386 699338
1387 699381
1388 700056
1389 700356
1390 700697
1391 701415
1392 701525
1393 702029
1394 702309
1395 702499
1396 702736
1397 702780
1398 703106
1399 703255
1400 704365
1401 704369
1402 704989
1403 705051
1404 705528
1405 705562
1406 706124
1407 707104
1408 707166
1409 707217
1410 707668
1411 708062
1412 708497
1413 709227
1414 709621
1415 710270
1416 710301
1417 710577
1418 710738
1419 712182
1420 712577
1421 713379
1422 713587
1423 713979
1424 714876
1425 714970
1426 715249
1427 716369
1428 716802
1429 717548
1430 717695
1431 717921
1432 719038
1433 719163
1434 719847
1435 720272
1436 720826
1437 720943
1438 721075
1439 721641
1440 722182
1441 722909
1442 723429
1443 723739
1444 723862
1445 723897
1446 724207
1447 724212
1448 724637
1449 725442
1450 726404
1451 727420
1452 727710
1453 727763
1454 729359
1455 729767
1456 730231
1457 730367
1458 730480
1459 731110
1460 731127
1461 731346
1462 731431
1463 732103
1464 732219
1465 733298
1466 733493
1467 733774
1468 735183
1469 735295
1470 735394
1471 735443
1472 735962
1473 737047
1474 737186
1475 737766
1476 738134
1477 738848
1478 739536
1479 739728
1480 739996
1481 740785
1482 741347
1483 741717
1484 742276
1485 742462
1486 743266
1487 744312
1488 746471
1489 747632
1490 748257
1491 749798
1492 750851
1493 751032
1494 751464
1495 752521
1496 752838
1497 753291
1498 753303
1499 753356
1500 753680
1501 754264
1502 754428
1503 754690
1504 754768
1505 755104
1506 755782
1507 755999
1508 756372
1509 757219
1510 757588
1511 758541
1512 759410
1513 759447
1514 759833
1515 761370
1516 761945
1517 763638
1518 763985
1519 764542
1520 764595
1521 765230
1522 765439
1523 766041
1524 766587
1525 767511
1526 767985
1527 769491
1528 770265
1529 770370
1530 770814
1531 771527
1532 771762
1533 772297
1534 772394
1535 772891
1536 774534
1537 776090
1538 776697
1539 777287
1540 777623
1541 777798
1542 778042
1543 778376
1544 778531
1545 779018
1546 779289
1547 779830
1548 780892
1549 780930
1550 781228
1551 781420
1552 781937
1553 782220
1554 782595
1555 782875
1556 783092
1557 783351
1558 783841
1559 783877
1560 784307
1561 784360
1562 784526
1563 785390
1564 785446
1565 785459
1566 785935
1567 786982
1568 787403
1569 787494
1570 787676
1571 788346
1572 788438
1573 788590
1574 789410
1575 790126
1576 790221
1577 790836
1578 790921
1579 791988
1580 792003
1581 792331
1582 792546
1583 793056
1584 793239
1585 795044
1586 795718
1587 796341
1588 796958
1589 797186
1590 797356
1591 797492
1592 797600
1593 798258
1594 799026
1595 799264
1596 799601
1597 799838
1598 799980
1599 800228
1600 800632
1601 801628
1602 801960
1603 802376
1604 802835
1605 803064
1606 803086
1607 804201
1608 804802
1609 805686
1610 805870
1611 805985
1612 807240
1613 807502
1614 808628
1615 810055
1616 810126
1617 810259
1618 810671
1619 810942
1620 812035
1621 812321
1622 813268
1623 813424
1624 813474
1625 813745
1626 815502
1627 815624
1628 815860
1629 816169
1630 816283
1631 816500
1632 818062
1633 819233
1634 819539
1635 820442
1636 820703
1637 821465
1638 822208
1639 822784
1640 823318
1641 823978
1642 824680
1643 824769
1644 825064
1645 825257
1646 825673
1647 826032
1648 826148
1649 826781
1650 826969
1651 827003
1652 828409
1653 828432
1654 829141
1655 829202
1656 829734
1657 830606
1658 830935
1659 831067
1660 831182
1661 831501
1662 832342
1663 834031
1664 834743
1665 834845
1666 834867
1667 834955
1668 836638
1669 836963
1670 837353
1671 837716
1672 838192
1673 838773
1674 838793
1675 839533
1676 840397
1677 840937
1678 841255
1679 843007
1680 843221
1681 843349
1682 843722
1683 843769
1684 844202
1685 844708
1686 845013
1687 845715
1688 845738
1689 845793
1690 846015
1691 846356
1692 846386
1693 846772
1694 847323
1695 847509
1696 848800
1697 850183
1698 850206
1699 850595
1700 850874
1701 852598
1702 853136
1703 853848
1704 854647
1705 855713
1706 856304
1707 856846
1708 858230
1709 859150
1710 860445
1711 860459
1712 860667
1713 861373
1714 861773
1715 862101
1716 862327
1717 862418
1718 863925
1719 864277
1720 864329
1721 864800
1722 865049
1723 865896
1724 866836
1725 869013
1726 869685
1727 869744
1728 870178
1729 870408
1730 870864
1731 870965
1732 870968
1733 871135
1734 872115
1735 872386
1736 872616
1737 873125
1738 873345
1739 873400
1740 874241
1741 874275
1742 874295
1743 874679
1744 875187
1745 875322
1746 875518
1747 876376
1748 876617
1749 876689
1750 878208
1751 879111
1752 880046
1753 880711
1754 881385
1755 882328
1756 882605
1757 883845
1758 884693
1759 886139
1760 886416
1761 886878
1762 887255
1763 888713
1764 889259
1765 889278
1766 889596
1767 889972
1768 890895
1769 891065
1770 891648
1771 892339
1772 892748
1773 893136
1774 893191
1775 893795
1776 894192
1777 894394
1778 894838
1779 894956
1780 895967
1781 896916
1782 897055
1783 897597
1784 897645
1785 898399
1786 899449
1787 900155
1788 900351
1789 901136
1790 901413
1791 901444
1792 901973
1793 902001
1794 902288
1795 902368
1796 902563
1797 902643
1798 902982
1799 903240
1800 903393
1801 903580
1802 903616
1803 903633
1804 903733
1805 905849
1806 906048
1807 906087
1808 906390
1809 906655
1810 906702
1811 906975
1812 907139
1813 907342
1814 908587
1815 908624
1816 909010
1817 910698
1818 911578
1819 911648
1820 911894
1821 911992
1822 911997
1823 912728
1824 912855
1825 913192
1826 913290
1827 913699
1828 914584
1829 914810
1830 914863
1831 915016
1832 915163
1833 916706
1834 917015
1835 917253
1836 918449
1837 918989
1838 919086
1839 919692
1840 920710
1841 920833
1842 921457
1843 922032
1844 922091
1845 922420
1846 922910
1847 923133
1848 923486
1849 923685
1850 923704
1851 924282
1852 924508
1853 925296
1854 926055
1855 927133
1856 927238
1857 927708
1858 927818
1859 928474
1860 928514
1861 928528
1862 929232
1863 930409
1864 930597
1865 932678
1866 932982
1867 933584
1868 934778
1869 934935
1870 935004
1871 935402
1872 935569
1873 936072
1874 936457
1875 940841
1876 941474
1877 941486
1878 942624
1879 942641
1880 942701
1881 943250
1882 943364
1883 943818
1884 944326
1885 945007
1886 945037
1887 945548
1888 946330
1889 946711
1890 946846
1891 947338
1892 947359
1893 947888
1894 948126
1895 948842
1896 949365
1897 949452
1898 950957
1899 951034
1900 952185
1901 952324
1902 952589
1903 952686
1904 953613
1905 953864
1906 954718
1907 954902
1908 957010
1909 957221
1910 957327
1911 957543
1912 957851
1913 957911
1914 958500
1915 959023
1916 959766
1917 960622
1918 962088
1919 963117
1920 963161
1921 964098
1922 964260
1923 964340
1924 965549
1925 965715
1926 965991
1927 966699
1928 967147
1929 967293
1930 968165
1931 968841
1932 969446
1933 970393
1934 970586
1935 970784
1936 971417
1937 971575
1938 972786
1939 974059
1940 974087
1941 974197
1942 974281
1943 975101
1944 976082
1945 977068
1946 978008
1947 978217
1948 978464
1949 978644
1950 979073
1951 979681
1952 980073
1953 980161
1954 981008
1955 981239
1956 982204
1957 984590
1958 984719
1959 984912
1960 985988
1961 986018
1962 986093
1963 986827
1964 987254
1965 987386
1966 988261
1967 988518
1968 988587
1969 988763
1970 989035
1971 990000
1972 990103
1973 991008
1974 991158
1975 991202
1976 991391
1977 991976
1978 992068
1979 992278
1980 992893
1981 992999
1982 993116
1983 993671
1984 993846
1985 994166
1986 995018
1987 995160
1988 995281
1989 995548
1990 995791
1991 996239
1992 996780
1993 997022
1994 997118
1995 997460
1996 997793
1997 998211
1998 998294
1999 999795
2000 999867
